1.0,0.9983,0.9935,0.9673,0.9449,0.9021,
0.9983,1.0,0.9966,0.9775,0.9621,0.9157,
0.9935,0.9966,1.0,0.9898,0.9625,0.9014,
0.9673,0.9775,0.9898,1.0,0.974,0.8941,
0.9449,0.9621,0.9625,0.974,1.0,0.946,
0.9021,0.9157,0.9014,0.8941,0.946,1.0,
